0 9999 1 -9998
1 9999 1 -9998
2 9989 13 -9976
3 7772 2495 -5277
4 7756 2516 -5240
5 9735 304 -9431
6 9519 547 -8972
7 9514 539 -8975
8 7287 2936 -4351
9 7239 2964 -4275
10 7079 3174 -3905
11 6825 3393 -3432
12 6863 3384 -3479
13 6219 4031 -2188
14 6318 3946 -2372
15 6288 3975 -2313
16 5798 4449 -1349
17 5804 4472 -1332
18 5145 5421 276
19 5203 5384 181
20 5000 5596 596
21 5047 5554 507
22 4980 5639 659
23 5059 5525 466
24 5027 5582 555
25 4883 5752 869
26 4697 5907 1210
27 4966 5670 704
28 4779 5849 1070
29 4714 5923 1209
30 4788 5813 1025
31 4822 5849 1027
32 4841 5708 867
33 4774 5874 1100
34 4789 5897 1108
35 4772 5858 1086
36 4751 5852 1101
37 4750 5888 1138
38 4784 5910 1126
39 4832 5831 999
40 4775 5860 1085
41 4731 5978 1247
42 4809 5864 1055
43 4712 5960 1248
44 4716 5896 1180
45 4797 5908 1111
46 4852 5824 972
47 4920 5748 828
48 4806 5797 991
49 4757 5902 1145
50 4817 5854 1037
51 4888 5732 844
52 4688 5949 1261
53 4788 5867 1079
54 4745 5882 1137
55 4770 5851 1081
56 4780 5890 1110
57 4804 5821 1017
58 4707 5801 1094
59 4729 5936 1207
60 4814 5780 966
61 4751 5876 1125
62 4749 5916 1167
63 4756 5918 1162
64 4706 5927 1221
65 4718 5877 1159
66 4711 5876 1165
67 4753 5899 1146
68 4729 5932 1203
69 4806 5857 1051
70 4756 5883 1127
71 4778 5885 1107
72 4752 5887 1135
73 4774 5897 1123
74 4698 5902 1204
75 4807 5872 1065
76 4787 5865 1078
77 4779 5819 1040
78 4693 5997 1304
79 4737 5894 1157
80 4705 5956 1251
81 4803 5891 1088
82 4764 5899 1135
83 4813 5882 1069
84 4745 5912 1167
85 4662 5997 1335
86 4740 5871 1131
87 4692 5901 1209
88 4808 5810 1002
89 4808 5795 987
90 4687 5975 1288
91 4704 5959 1255
92 4736 5892 1156
93 4769 5862 1093
94 4839 5846 1007
95 4689 5967 1278
96 4750 5887 1137
97 4774 5907 1133
98 4958 5618 660
99 4926 5629 703
