1 5252 5189 -63
2 4352 6029 1677
3 6948 3125 -3823
4 6949 4502 -2447
5 2271 7862 5591
6 5173 5286 113
7 4030 6337 2307
8 5967 4053 -1914
9 4336 5720 1384
10 6296 4075 -2221
11 4843 5250 407
12 5554 4670 -884
13 5110 5265 155
14 3362 6800 3438
15 5782 5943 161
16 5815 5785 -30
17 5396 6190 794
18 4064 7620 3556
19 5232 6475 1243
20 351 9649 9298
21 4978 5394 416
22 4965 5422 457
23 4499 5990 1491
24 4655 5728 1073
25 4705 5755 1050
26 5539 4894 -645
27 5198 5186 -12
28 2658 7342 4684
29 5650 5801 151
30 3773 7602 3829
31 5927 5723 -204
32 5922 5771 -151
33 5753 5858 105
34 3914 7665 3751
35 5931 5782 -149
36 5888 5859 -29
37 4247 7380 3133
38 5816 5875 59
39 5856 5877 21
40 5694 6017 323
41 4772 6958 2186
42 5887 5952 65
43 5626 6230 604
44 4922 6769 1847
45 5808 5930 122
46 5885 5923 38
47 4984 6744 1760
48 5968 5919 -49
49 2612 8521 5909
50 5760 5779 19
51 5701 4377 -1324
52 2095 8724 6629
53 5657 5589 -68
54 2564 7451 4887
55 4601 6744 2143
56 5866 5941 75
57 6928 4078 -2850
58 3580 7075 3495
59 5596 5772 176
60 5668 5691 23
61 4965 5936 971
62 5660 5537 -123
63 5359 5640 281
64 5635 5377 -258
65 5456 5551 95
66 5440 5475 35
67 5500 5516 16
68 5581 5479 -102
69 5555 5472 -83
70 5503 5485 -18
71 5518 5449 -69
72 5454 5547 93
73 4830 5905 1075
74 5400 5262 -138
75 5390 5340 -50
76 5308 5370 62
77 5343 5377 34
78 5291 5384 93
79 5437 5249 -188
80 5344 5372 28
81 5143 5386 243
82 5348 5219 -129
83 5389 5372 -17
84 5124 5473 349
85 5442 5100 -342
86 5273 5296 23
87 5090 5385 295
88 5409 5062 -347
89 5137 5382 245
90 5419 5098 -321
91 5076 5466 390
92 5300 5341 41
93 5313 5302 -11
94 5361 5179 -182
95 5261 5290 29
96 5247 5343 96
97 5310 5298 -12
98 5301 5311 10
99 5254 5386 132
