0 9663 423 -9240
1 9307 769 -8538
2 8180 2016 -6164
3 8284 1932 -6352
4 8232 1956 -6276
5 8259 1946 -6313
6 8261 1929 -6332
7 8604 1539 -7065
8 8688 1484 -7204
9 7274 3264 -4010
10 7259 3252 -4007
11 6969 3583 -3386
12 6916 3686 -3230
13 6300 4330 -1970
14 6259 4374 -1885
15 6285 4364 -1921
16 5813 4845 -968
17 5773 4939 -834
18 5426 5179 -247
19 5500 5102 -398
20 5016 5573 557
21 5104 5518 414
22 4843 5837 994
23 4774 5832 1058
24 4837 5854 1017
25 4725 5808 1083
26 4818 5814 996
27 4721 5793 1072
28 4736 5818 1082
29 4725 5777 1052
30 4328 6264 1936
31 4346 6250 1904
32 4233 6344 2111
33 4067 6488 2421
34 4372 6231 1859
35 3559 6991 3432
36 3520 7033 3513
37 3515 7042 3527
38 3550 6988 3438
39 3480 7064 3584
40 3128 7379 4251
41 3180 7313 4133
42 3185 7377 4192
43 3178 7328 4150
44 3221 7273 4052
45 3224 7318 4094
46 3091 7442 4351
47 3094 7520 4426
48 2886 7691 4805
49 2870 7702 4832
50 2844 7759 4915
51 2850 7707 4857
52 2922 7705 4783
53 2879 7714 4835
54 2992 7513 4521
55 2884 7724 4840
56 2875 7613 4738
57 2785 7791 5006
58 2818 7735 4917
59 2914 7667 4753
60 2947 7624 4677
61 2902 7662 4760
62 2994 7534 4540
63 2896 7672 4776
64 2861 7700 4839
65 2938 7544 4606
66 2896 7715 4819
67 2848 7631 4783
68 2910 7705 4795
69 2927 7619 4692
70 2848 7729 4881
71 2899 7679 4780
72 2974 7600 4626
73 2886 7704 4818
74 2923 7668 4745
75 2915 7542 4627
76 2960 7581 4621
77 2982 7488 4506
78 2996 7505 4509
79 2900 7581 4681
80 3020 7431 4411
81 2813 7725 4912
82 2903 7590 4687
83 2987 7486 4499
84 2920 7578 4658
85 2898 7726 4828
86 2866 7708 4842
87 3114 7423 4309
88 2979 7635 4656
89 2825 7743 4918
90 2952 7648 4696
91 2839 7764 4925
92 2939 7536 4597
93 3004 7536 4532
94 2938 7569 4631
95 2949 7548 4599
96 2866 7747 4881
97 2968 7558 4590
98 2945 7653 4708
99 2912 7590 4678
