0 9731 286 -9445
1 9738 281 -9457
2 9611 434 -9177
3 9536 509 -9027
4 9619 438 -9181
5 9278 790 -8488
6 8978 1144 -7834
7 8960 1155 -7805
8 8891 1223 -7668
9 8631 1666 -6965
10 8403 1927 -6476
11 8272 2046 -6226
12 8390 1925 -6465
13 8335 1970 -6365
14 8490 1776 -6714
15 8546 1728 -6818
16 8550 1719 -6831
17 8563 1703 -6860
18 8318 2032 -6286
19 8259 2062 -6197
20 8246 2080 -6166
21 8301 2029 -6272
22 8354 1997 -6357
23 8272 2045 -6227
24 8235 2086 -6149
25 8268 2050 -6218
26 8237 2101 -6136
27 8207 2110 -6097
28 8268 2050 -6218
29 8219 2138 -6081
30 8044 2311 -5733
31 8081 2280 -5801
32 7673 2713 -4960
33 7668 2738 -4930
34 7547 2778 -4769
35 7701 2701 -5000
36 7724 2670 -5054
37 7352 3154 -4198
38 7290 3189 -4101
39 7307 3183 -4124
40 7781 2670 -5111
41 7366 3117 -4249
42 7348 3134 -4214
43 7344 3134 -4210
44 7371 3117 -4254
45 7313 3198 -4115
46 7242 3273 -3969
47 7249 3262 -3987
48 7407 3092 -4315
49 7145 3439 -3706
