0 8735 1437 -7298
1 8708 1434 -7274
2 9481 552 -8929
3 9455 588 -8867
4 8775 1336 -7439
5 8771 1349 -7422
6 8768 1344 -7424
7 8752 1335 -7417
8 8996 1452 -7544
9 8307 1795 -6512
10 8216 1887 -6329
11 8422 1685 -6737
12 8695 1424 -7271
13 8229 1900 -6329
14 8151 1976 -6175
15 8046 2104 -5942
16 8050 2065 -5985
17 8080 2078 -6002
18 8202 2361 -5841
19 8221 2363 -5858
20 8153 2433 -5720
21 7255 2905 -4350
22 8143 2441 -5702
23 8014 2604 -5410
24 7954 2606 -5348
25 7045 3639 -3406
26 7877 2681 -5196
27 6727 3454 -3273
28 7850 2721 -5129
29 7868 2739 -5129
30 7322 3388 -3934
31 7241 3510 -3731
32 6749 3967 -2782
33 5442 5316 -126
34 5044 5631 587
35 5475 5234 -241
36 5032 5560 528
37 5094 5481 387
38 3841 6793 2952
39 3483 7091 3608
40 3548 7019 3471
41 3546 7062 3516
42 3451 7072 3621
43 3453 7105 3652
44 3409 7101 3692
45 3322 7028 3706
46 3096 7427 4331
47 3102 7393 4291
48 3145 7448 4303
49 3074 7543 4469