evolution: NamedGames
kingdom: random
kingdom 0: firstGame kingdom 10 19 20 21 22 24 25 29 31 32
1 22 10000 9978
2 5011 6037 1026
3 5487 5603 116
4 4471 6043 1572
5 6187 6656 469
6 1401 8623 7222
7 5332 5508 176
8 5429 5370 -59
9 1897 8141 6244
10 5669 5553 -116
11 5582 5673 91
12 3038 7669 4631
13 921 9109 8188
14 5177 5237 60
15 1018 9116 8098
16 5320 5076 -244
17 4820 5640 820
18 5436 4954 -482
19 3698 6704 3006
20 5262 5348 86
21 4351 6040 1689
22 5451 4976 -475
23 4672 5775 1103
24 4578 5801 1223
25 5237 5284 47
26 5299 5250 -49
27 5131 5266 135
28 4528 5896 1368
29 5290 5257 -33
30 4639 5856 1217
31 5292 5230 -62
32 5414 5033 -381
33 5067 5387 320
34 5221 5260 39
35 4952 5551 599
36 5269 5241 -28
37 5203 5286 83
38 5401 5089 -312
39 4938 5524 586
40 5357 5114 -243
41 5270 5276 6
42 5294 5208 -86
43 5129 5451 322
44 5263 5295 32
45 5157 5410 253
46 5258 5239 -19
47 5059 5460 401
48 5304 5293 -11
49 5288 5304 16
50 5339 5263 -76
51 5256 5319 63
52 5509 5033 -476
53 5208 5354 146
54 5235 5308 73
55 5301 5198 -103
56 5382 5161 -221
57 5105 5481 376
58 5147 5411 264
59 5342 5238 -104
60 5265 5313 48
61 5302 5272 -30
62 5231 5340 109
63 5244 5269 25
64 5248 5291 43
65 5353 5195 -158
66 5233 5330 97
67 5339 5262 -77
68 5263 5273 10
69 5288 5304 16
70 5273 5309 36
71 5251 5277 26
72 5202 5349 147
73 5238 5340 102
74 5288 5293 5
75 5258 5326 68
76 5395 5135 -260
77 5210 5282 72
78 5269 5247 -22
79 5244 5280 36
80 5272 5264 -8
81 5279 5268 -11
82 5299 5211 -88
83 5355 5226 -129
84 5253 5284 31
85 5305 5195 -110
86 5263 5238 -25
87 5281 5241 -40
88 5143 5361 218
89 5237 5282 45
90 5296 5226 -70
91 5086 5404 318
92 5243 5289 46
93 5283 5209 -74
94 5193 5392 199
95 5260 5276 16
96 5188 5349 161
97 5326 5201 -125
98 5270 5260 -10
99 5264 5271 7
kingdom 0: sizeDistortion kingdom 10 12 14 16 17 27 29 30 31 32
1 6316 3973 -2343
2 2585 7838 5253
3 7106 3109 -3997
4 331 9733 9402
5 3621 7442 3821
6 5315 5285 -30
7 1646 8672 7026
8 5461 5409 -52
9 5442 5482 40
10 2966 7601 4635
11 5457 5445 -12
12 5490 5399 -91
13 4396 6218 1822
14 4961 5577 616
15 5331 5250 -81
16 5500 5805 305
17 5605 5750 145
18 5729 5619 -110
19 5862 5492 -370
20 3260 7159 3899
21 5634 5623 -11
22 5678 4758 -920
23 4755 5664 909
24 1410 9047 7637
25 4829 5662 833
26 4966 5512 546
27 4656 5876 1220
28 4425 6016 1591
29 3730 6589 2859
30 2952 7354 4402
31 5278 5118 -160
32 5178 5216 38
33 5194 5178 -16
34 5262 5130 -132
35 5190 5191 1
36 5243 5135 -108
37 5092 5298 206
38 5141 5215 74
39 5085 5296 211
40 5147 5257 110
41 5120 5259 139
42 4764 5625 861
43 5214 5180 -34
44 5232 5162 -70
45 4100 6237 2137
46 5211 5186 -25
47 5257 5147 -110
48 4465 5899 1434
49 5322 5449 127
50 5438 5305 -133
51 5390 5393 3
52 5452 5350 -102
53 5308 5457 149
54 5342 5482 140
55 5431 5342 -89
56 5387 5402 15
57 5393 5395 2
58 5326 5446 120
59 5430 5369 -61
60 5444 5392 -52
61 5391 5392 1
62 5450 5314 -136
63 5348 5505 157
64 5443 5326 -117
65 5403 5388 -15
66 5344 5412 68
67 5347 5465 118
68 5368 5412 44
69 5427 5395 -32
70 5432 5357 -75
71 5333 5414 81
72 5404 5407 3
73 5367 5442 75
74 5413 5383 -30
75 5358 5371 13
76 5286 5510 224
77 5362 5425 63
78 5400 5366 -34
79 5404 5374 -30
80 5372 5393 21
81 5344 5465 121
82 5401 5378 -23
83 5444 5262 -182
84 5410 5355 -55
85 5453 5366 -87
86 5395 5388 -7
87 5437 5317 -120
88 5313 5444 131
89 5523 5231 -292
90 5298 5492 194
91 5388 5396 8
92 5429 5334 -95
93 5462 5346 -116
94 5449 5390 -59
95 5361 5436 75
96 5401 5406 5
97 5425 5379 -46
98 5395 5401 6
99 5460 5345 -115
kingdom 0: trasheap kingdom 12 13 16 19 21 23 24 29 31 32
1 4825 5280 455
2 9319 1677 -7642
3 1155 9454 8299
4 4912 5234 322
5 4546 5695 1149
6 9625 1078 -8547
7 5586 5572 -14
8 7862 2437 -5425
9 5248 5437 189
10 5372 5296 -76
11 4471 6067 1596
12 6067 4127 -1940
13 4207 5975 1768
14 4023 6392 2369
15 4747 5705 958
16 5193 5278 85
17 5132 5419 287
18 5349 5124 -225
19 4828 5611 783
20 5263 5210 -53
21 5021 5418 397
22 4508 5913 1405
23 5173 5358 185
24 5271 5330 59
25 4686 5627 941
26 5212 5220 8
27 5278 5141 -137
28 4132 6297 2165
29 5110 5378 268
30 4223 6071 1848
31 5401 5286 -115
32 4781 5813 1032
33 5056 5445 389
34 5229 5353 124
35 5674 4904 -770
36 4884 5654 770
37 5305 5348 43
38 4508 6070 1562
39 5385 5229 -156
40 5293 5325 32
41 5448 5163 -285
42 5350 5415 65
43 5312 5299 -13
44 3773 6800 3027
45 5275 5358 83
46 5179 5454 275
47 5391 5171 -220
48 5377 5331 -46
49 5216 5404 188
50 4555 6045 1490
51 5396 5189 -207
52 5161 5453 292
53 5441 5167 -274
54 5094 5547 453
55 5404 5316 -88
56 5278 5438 160
57 5304 5397 93
58 5382 5288 -94
59 5252 5354 102
60 5392 5323 -69
61 5346 5443 97
62 5365 5399 34
63 5450 5165 -285
64 5375 5277 -98
65 5213 5426 213
66 5362 5392 30
67 5365 5236 -129
68 5240 5360 120
69 5310 5479 169
70 5404 5422 18
71 5324 5457 133
72 5469 5379 -90
73 5367 5500 133
74 5473 5392 -81
75 5438 5335 -103
76 5459 5309 -150
77 5294 5475 181
78 5460 5342 -118
79 5428 5301 -127
80 5345 5395 50
81 5359 5398 39
82 5411 5310 -101
83 5310 5371 61
84 5353 5406 53
85 5327 5404 77
86 5330 5388 58
87 5372 5406 34
88 5412 5365 -47
89 5298 5412 114
90 5399 5334 -65
91 5362 5370 8
92 5420 5233 -187
93 5361 5371 10
94 5415 5356 -59
95 5424 5345 -79
96 5431 5360 -71
97 5335 5391 56
98 5527 5059 -468
99 5080 5570 490
kingdom 0: badCards kingdom 9 12 15 18 22 24 27 28 31 32
1 962 9804 8842
2 5163 10000 4837
3 4607 5659 1052
4 6015 5445 -570
5 2904 7795 4891
6 5243 5417 174
7 5309 5380 71
8 4378 5872 1494
9 5638 4661 -977
10 5130 5253 123
11 5151 5063 -88
12 5014 5424 410
13 4582 5944 1362
14 5190 5334 144
15 5168 5368 200
16 5198 5230 32
17 5081 5386 305
18 5264 5220 -44
19 5437 5026 -411
20 5091 5328 237
21 4499 5920 1421
22 5226 5160 -66
23 4984 5333 349
24 5116 5379 263
25 5345 5137 -208
26 5056 5481 425
27 5237 5248 11
28 5418 5062 -356
29 5177 5288 111
30 5206 5249 43
31 5151 5302 151
32 4636 5659 1023
33 5261 5206 -55
34 5283 5191 -92
35 4148 6276 2128
36 5280 5151 -129
37 5264 5183 -81
38 5201 5267 66
39 5209 5121 -88
40 4588 5736 1148
41 4905 5731 826
42 5370 5295 -75
43 5324 5371 47
44 5305 5349 44
45 4703 5703 1000
46 4175 6327 2152
47 5313 5258 -55
48 5235 5218 -17
49 4771 5615 844
50 5118 5267 149
51 5264 5124 -140
52 5221 5255 34
53 4479 6018 1539
54 5316 5389 73
55 5376 5374 -2
56 5285 5364 79
57 5054 5394 340
58 5190 5334 144
59 4741 5835 1094
60 5253 5407 154
61 4318 6330 2012
62 5332 5394 62
63 3921 6708 2787
64 6183 4437 -1746
65 4766 5822 1056
66 5292 5326 34
67 5369 5221 -148
68 5010 5509 499
69 33 9968 9935
70 16 9987 9971
71 5315 5328 13
72 5364 5158 -206
73 4702 5777 1075
74 5276 5322 46
75 5283 5307 24
76 5296 5309 13
77 5226 5387 161
78 5224 5437 213
79 5322 5246 -76
80 5218 5391 173
81 5286 5330 44
82 5385 5256 -129
83 5416 5186 -230
84 5214 5338 124
85 5144 5426 282
86 5325 5383 58
87 5312 5327 15
88 5379 5269 -110
89 5339 5295 -44
90 5414 5249 -165
91 5241 5365 124
92 5355 5380 25
93 5382 5266 -116
94 5259 5404 145
95 5348 5342 -6
96 5363 5310 -53
97 5362 5258 -104
98 5233 5405 172
99 5302 5319 17
