1 276 9994 9718
2 5210 5445 235
3 103 9932 9829
4 258 9783 9525
5 4132 6413 2281
6 5231 5414 183
7 5261 5279 18
8 5330 5184 -146
9 5340 5324 -16
10 4507 6009 1502
11 5372 5265 -107
12 5338 5320 -18
13 4472 6027 1555
14 5373 5266 -107
15 2704 7709 5005
16 5387 5357 -30
17 5060 5571 511
18 5262 5447 185
19 5472 5289 -183
20 5286 5298 12
21 5356 5340 -16
22 5439 5275 -164
23 5338 5353 15
24 5244 5413 169
25 5311 5362 51
26 5510 5150 -360
27 4980 5479 499
28 5474 5138 -336
29 5057 5546 489
30 5395 5149 -246
31 5481 5295 -186
32 5306 5386 80
33 5346 5423 77
34 5361 5305 -56
35 5227 5368 141
36 5253 5453 200
37 5437 5299 -138
38 5271 5426 155
39 5425 5313 -112
40 5386 5419 33
41 5400 5403 3
42 5356 5438 82
43 5388 5333 -55
44 5390 5332 -58
45 5358 5351 -7
46 5447 5201 -246
47 5160 5498 338
48 5444 5335 -109
49 5425 5408 -17
50 5409 5380 -29
51 5411 5294 -117
52 5293 5404 111
53 5452 5348 -104
54 5416 5411 -5
55 5456 5245 -211
56 5350 5371 21
57 5403 5422 19
58 5435 5374 -61
59 5456 5343 -113
60 5431 5246 -185
61 5337 5443 106
62 5350 5435 85
63 5318 5441 123
64 5386 5345 -41
65 5478 5177 -301
66 5165 5452 287
67 5312 5445 133
68 5416 5321 -95
69 5333 5319 -14
70 5320 5365 45
71 5227 5459 232
72 5321 5396 75
73 5415 5352 -63
74 5416 5380 -36
75 5364 5293 -71
76 5337 5335 -2
77 5410 5394 -16
78 5435 5275 -160
79 5304 5338 34
80 5455 5344 -111
81 5280 5426 146
82 5375 5274 -101
83 5370 5383 13
84 5278 5500 222
85 5243 5449 206
86 5446 5113 -333
87 5169 5391 222
88 5389 5374 -15
89 5396 5315 -81
90 5343 5365 22
91 5327 5376 49
92 5287 5441 154
93 5457 5284 -173
94 5293 5406 113
95 5377 5387 10
96 5423 5341 -82
97 5123 5446 323
98 5484 5069 -415
99 5344 5453 109
