0 10000 3 -9997
1 10000 8 -9992
2 9996 5 -9991
3 9996 6 -9990
4 9927 92 -9835
5 9531 504 -9027
6 9603 417 -9186
7 9642 380 -9262
8 8632 1446 -7186
9 7975 2229 -5746
10 7826 2331 -5495
11 6473 3768 -2705
12 6770 3460 -3310
13 6842 3384 -3458
14 6134 4064 -2070
15 6005 4221 -1784
16 5553 4682 -871
17 4606 5605 999
18 5584 4652 -932
19 4798 5444 646
20 4706 5536 830
21 4692 5536 844
22 4732 5500 768
23 5243 4969 -274
24 5063 5129 66
25 5106 5095 -11
26 5330 4912 -418
27 5449 4786 -663
28 5403 4813 -590
29 5713 4479 -1234
30 6085 4145 -1940
31 4635 5560 925
32 4794 5436 642
33 4612 5632 1020
34 3014 7231 4217
35 3659 6534 2875
36 3005 7247 4242
37 3584 6660 3076
38 3050 7171 4121
39 3149 7111 3962
40 2999 7260 4261
41 3034 7212 4178
42 3042 7180 4138
43 3060 7167 4107
44 2751 7488 4737
45 2999 7220 4221
46 2593 7624 5031
47 2797 7402 4605
48 2610 7668 5058
49 2624 7637 5013
50 2685 7557 4872
51 2741 7498 4757
52 2891 7343 4452
53 2893 7356 4463
54 2879 7357 4478
55 2804 7424 4620
56 2937 7319 4382
57 2796 7441 4645
58 2840 7391 4551
59 2901 7346 4445
60 2685 7536 4851
61 2653 7560 4907
62 2579 7627 5048
63 2608 7613 5005
64 4125 6177 2052
65 4109 6161 2052
66 4080 6193 2113
67 3670 6663 2993
68 3606 6731 3125
69 3661 6687 3026
70 4061 6231 2170
71 3445 6898 3453
72 3463 6863 3400
73 3696 6615 2919
74 3519 6829 3310
75 3473 6854 3381
76 3446 6884 3438
77 3347 7022 3675
78 3452 6857 3405
79 3497 6845 3348
80 3444 6910 3466
81 3388 7029 3641
82 3423 6917 3494
83 3478 6866 3388
84 3453 6848 3395
85 3728 6601 2873
86 3506 6851 3345
87 3424 6929 3505
88 3429 6935 3506
89 3812 6486 2674
90 3748 6567 2819
91 3759 6534 2775
92 3431 6885 3454
93 3766 6522 2756
94 3453 6909 3456
95 3789 6524 2735
96 3449 6900 3451
97 3746 6568 2822
98 3555 6799 3244
99 3452 6881 3429
