0 10000 10000 0
1 10000 10000 0
2 1 10000 9999
3 0 10000 10000
4 0 10000 10000
5 0 10000 10000
6 10000 10000 0
7 10000 10000 0
8 0 10000 10000
9 10000 10000 0
10 1592 10000 8408
11 1569 10000 8431
12 1584 10000 8416
13 1333 10000 8667
14 1042 10000 8958
15 1101 10000 8899
16 28 10000 9972
17 1670 10000 8330
18 1 10000 9999
19 0 10000 10000
20 0 10000 10000
21 4 10000 9996
22 1 10000 9999
23 0 10000 10000
24 0 10000 10000
25 0 10000 10000
26 0 10000 10000
27 8 10000 9992
28 8 10000 9992
29 4 10000 9996
30 25 10000 9975
31 51 10000 9949
32 33 10000 9967
33 36 10000 9964
34 199 10000 9801
35 206 10000 9794
36 215 10000 9785
37 196 10000 9804
38 224 10000 9776
39 183 10000 9817
40 1 10000 9999
41 2 10000 9998
42 1 10000 9999
43 8 10000 9992
44 1 10000 9999
45 3 10000 9997
46 92 10000 9908
47 2 10000 9998
48 3 10000 9997
49 4 10000 9996
