0 10000 10000 0
1 10000 10000 0
2 10000 10000 0
3 10000 10000 0
4 9 10000 9991
5 10 10000 9990
6 0 10000 10000
7 0 10000 10000
8 0 10000 10000
9 0 10000 10000
10 0 10000 10000
11 0 10000 10000
12 0 10000 10000
13 0 10000 10000
14 0 10000 10000
15 0 10000 10000
16 0 10000 10000
17 0 10000 10000
18 0 10000 10000
19 0 10000 10000
20 9772 10000 228
21 9740 10000 260
22 0 10000 10000
23 0 10000 10000
24 0 10000 10000
25 2089 10000 7911
26 0 10000 10000
27 2039 10000 7961
28 2062 10000 7938
29 2085 10000 7915
30 1924 10000 8076
31 505 10000 9495
32 600 10000 9400
33 603 10000 9397
34 597 10000 9403
35 634 10000 9366
36 4199 10000 5801
37 5841 10000 4159
38 5428 10000 4572
39 2608 7697 5089
40 2254 8109 5855
41 2184 8162 5978
42 2288 8064 5776
43 120 9930 9810
44 129 9924 9795
45 120 9926 9806
46 543 9542 8999
47 576 9522 8946
48 100 9980 9880
49 258 9985 9727
