0 10000 0 -10000
1 10000 0 -10000
2 9999 1 -9998
3 9980 26 -9954
4 9975 28 -9947
5 9989 15 -9974
6 9992 9 -9983
7 9990 12 -9978
8 9988 13 -9975
9 10000 0 -10000
10 9990 13 -9977
11 9951 57 -9894
12 9965 38 -9927
13 9989 14 -9975
14 9984 18 -9966
15 9989 13 -9976
16 9989 14 -9975
17 9869 167 -9702
18 9984 17 -9967
19 9990 11 -9979
20 9990 10 -9980
21 9991 12 -9979
22 9978 23 -9955
23 9982 20 -9962
24 9984 18 -9966
25 9973 28 -9945
26 9967 36 -9931
27 9966 37 -9929
28 9965 35 -9930
29 10000 3 -9997
30 10000 0 -10000
31 10000 3 -9997
32 10000 1 -9999
33 10000 0 -10000
34 10000 0 -10000
35 9973 29 -9944
36 9974 29 -9945
37 9988 12 -9976
38 9991 10 -9981
39 9965 38 -9927
40 9889 111 -9778
41 9862 140 -9722
42 9876 124 -9752
43 9654 379 -9275
44 9629 412 -9217
45 9713 315 -9398
46 9643 379 -9264
47 9654 381 -9273
48 9603 433 -9170
49 9589 469 -9120
50 9608 422 -9186
51 9660 379 -9281
52 9593 441 -9152
53 9611 415 -9196
54 9560 490 -9070
55 9556 477 -9079
56 6295 3722 -2573
57 9837 190 -9647
58 6679 3591 -3088
59 6761 3551 -3210
60 6654 3646 -3008
61 6640 3675 -2965
62 6703 3620 -3083
63 6686 3597 -3089
64 6647 3667 -2980
65 6726 3548 -3178
66 6670 3605 -3065
67 6668 3639 -3029
68 6627 3650 -2977
69 7492 2818 -4674
70 7448 2835 -4613
71 6586 3727 -2859
72 7561 2736 -4825
73 7512 2788 -4724
74 7411 2864 -4547
75 6856 3493 -3363
76 6929 3174 -3755
77 5656 4384 -1272
78 5644 4402 -1242
79 9333 722 -8611
80 9059 996 -8063
81 9087 948 -8139
82 9323 743 -8580
83 9275 781 -8494
84 9183 898 -8285
85 9183 892 -8291
86 9158 927 -8231
87 9094 1006 -8088
88 9426 870 -8556
89 8986 1158 -7828
90 9430 888 -8542
91 5596 4425 -1171
92 9040 1077 -7963
93 8967 1162 -7805
94 9173 1132 -8041
95 9382 865 -8517
96 9327 928 -8399
97 9397 872 -8525
98 9391 899 -8492
99 9360 908 -8452
