1 908 9498 8590
2 4174 6133 1959
3 4756 5871 1115
4 3857 6334 2477
5 6330 3852 -2478
6 5386 5045 -341
7 5459 5384 -75
8 5539 5352 -187
9 5378 5416 38
10 5437 5376 -61
11 4227 6218 1991
12 5254 5238 -16
13 5299 5140 -159
14 5324 5162 -162
15 4436 6002 1566
16 5253 5139 -114
17 4655 5712 1057
18 5156 5205 49
19 5088 5263 175
20 4104 6206 2102
21 5251 5097 -154
22 4615 5767 1152
23 4380 5979 1599
24 4879 5466 587
25 5954 4386 -1568
26 5646 5739 93
27 4564 6445 1881
28 5496 5407 -89
29 3528 6802 3274
30 5168 5228 60
31 4894 5497 603
32 5104 5278 174
33 4554 5729 1175
34 4383 5827 1444
35 5245 5128 -117
36 5236 5133 -103
37 4295 5996 1701
38 5203 5234 31
39 5271 5222 -49
40 5113 5351 238
41 5188 5262 74
42 5271 5211 -60
43 5268 5173 -95
44 5075 5379 304
45 5217 5242 25
46 4905 5473 568
47 5385 5460 75
48 5443 5440 -3
49 5380 5527 147
50 5687 5263 -424
51 5338 5637 299
52 5479 5463 -16
53 5487 5418 -69
54 5432 5469 37
55 5452 5377 -75
56 5338 5394 56
57 5449 5381 -68
58 5349 5452 103
59 5079 5597 518
60 5339 5282 -57
61 5466 5184 -282
62 5618 5204 -414
63 5048 5613 565
64 5292 5361 69
65 5325 5305 -20
66 4956 5810 854
67 5713 5727 14
68 5812 4902 -910
69 4915 5773 858
70 5741 5733 -8
71 5753 5693 -60
72 5639 5779 140
73 5663 4680 -983
74 4688 5684 996
75 5644 5777 133
76 5550 5813 263
77 5681 5598 -83
78 5512 5691 179
79 5352 5269 -83
80 5358 5404 46
81 5222 5624 402
82 5739 5779 40
83 5870 5639 -231
84 5712 5914 202
85 5707 5127 -580
86 5073 5564 491
87 5236 5501 265
88 5648 5703 55
89 5584 5668 84
90 5632 5569 -63
91 5706 5525 -181
92 5132 5263 131
93 5186 5158 -28
94 5225 5153 -72
95 5127 5124 -3
96 5150 5227 77
97 5134 5244 110
98 5164 5209 45
99 4667 5737 1070
