0 9863 142 -9721
1 9796 211 -9585
2 9765 240 -9525
3 9484 530 -8954
4 9726 297 -9429
5 9625 403 -9222
6 9113 947 -8166
7 9382 658 -8724
8 8671 1412 -7259
9 7628 2535 -5093
10 7373 2825 -4548
11 6470 3753 -2717
12 5806 4420 -1386
13 7330 2861 -4469
14 7234 2973 -4261
15 7323 2864 -4459
16 7650 2573 -5077
17 5719 4516 -1203
18 5465 4888 -577
19 5488 4842 -646
20 5333 4993 -340
21 5595 4867 -728
22 5509 4962 -547
23 3751 6739 2988
24 3395 7039 3644
25 3034 7343 4309
26 3083 7188 4105
27 3532 6899 3367
28 3187 7191 4004
29 3233 7129 3896
30 3199 7126 3927
31 3461 6782 3321
32 3377 6867 3490
33 2625 7591 4966
34 3385 6841 3456
35 3403 6849 3446
36 3368 6895 3527
37 2726 7522 4796
38 3522 6709 3187
39 3582 6679 3097
40 2769 7462 4693
41 3424 6815 3391
42 2784 7465 4681
43 2780 7461 4681
44 2287 7920 5633
45 2807 7416 4609
46 2266 7910 5644
47 2799 7451 4652
48 2728 7496 4768
49 4423 5837 1414