0 9380 704 -8676
1 9421 634 -8787
2 9647 539 -9108
3 9268 813 -8455
4 5837 4489 -1348
5 5908 4413 -1495
6 9092 987 -8105
7 8465 1683 -6782
8 8777 1337 -7440
9 8754 1359 -7395
10 7048 3135 -3913
11 6460 3737 -2723
12 7717 2590 -5127
13 7019 3133 -3886
14 6937 3266 -3671
15 7643 2691 -4952
16 6567 3628 -2939
17 6552 3658 -2894
18 5456 5115 -341
19 4936 5610 674
20 6621 3708 -2913
21 6393 3825 -2568
22 4635 5946 1311
23 4569 5969 1400
24 4420 5953 1533
25 5107 5217 110
26 5187 5187 0
27 5148 5174 26
28 5434 4925 -509
29 5424 4933 -491
30 5180 5153 -27
31 5109 5182 73
32 5080 5190 110
33 4683 5694 1011
34 4362 5923 1561
35 4315 5947 1632
36 4272 6046 1774
37 4307 6033 1726
38 3800 6506 2706
39 3820 6475 2655
40 3890 6440 2550
41 3860 6428 2568
42 3800 6500 2700
43 3840 6464 2624
44 3759 6523 2764
45 3815 6458 2643
46 3696 6602 2906
47 3805 6496 2691
48 3768 6540 2772
49 3606 6674 3068
