1 2577 8481 5904
2 4744 6413 1669
3 7876 2765 -5111
4 5313 5262 -51
5 22 9985 9963
6 2835 7494 4659
7 3282 7259 3977
8 4223 6504 2281
9 5141 5796 655
10 5501 5375 -126
11 5090 5809 719
12 4998 5853 855
13 5439 5474 35
14 5369 5190 -179
15 4464 6053 1589
16 5473 5509 36
17 4659 5847 1188
18 5267 5253 -14
19 4844 5801 957
20 5326 5337 11
21 3740 6833 3093
22 5402 5261 -141
23 4112 6393 2281
24 5193 5349 156
25 5408 5101 -307
26 5481 5585 104
27 3712 6677 2965
28 5147 5389 242
29 5277 5260 -17
30 5304 5239 -65
31 4829 5701 872
32 5313 5287 -26
33 5172 5346 174
34 5356 5128 -228
35 5338 5199 -139
36 5100 5450 350
37 5338 5185 -153
38 5204 5280 76
39 4956 5580 624
40 5246 5267 21
41 4777 5735 958
42 5421 5115 -306
43 5019 5478 459
44 5247 5215 -32
45 5137 5417 280
46 4771 5794 1023
47 5197 5295 98
48 4714 5736 1022
49 5173 5378 205
50 4856 5591 735
51 4918 5505 587
52 5278 5256 -22
53 5572 4860 -712
54 4661 5738 1077
55 5133 5292 159
56 5040 5397 357
57 5272 5194 -78
58 3992 6367 2375
59 5216 5192 -24
60 5215 5213 -2
61 5186 5210 24
62 5104 5367 263
63 5205 5269 64
64 5305 5153 -152
65 5166 5289 123
66 5144 5345 201
67 5418 5064 -354
68 5096 5352 256
69 5310 5219 -91
70 5239 5224 -15
71 5136 5327 191
72 5175 5309 134
73 5283 5176 -107
74 5264 5225 -39
75 5360 5137 -223
76 5300 5169 -131
77 5156 5329 173
78 5290 5160 -130
79 5141 5295 154
80 5210 5262 52
81 5251 5245 -6
82 5288 5180 -108
83 5316 5158 -158
84 5187 5305 118
85 5172 5289 117
86 5205 5272 67
87 5178 5266 88
88 5275 5195 -80
89 5239 5261 22
90 5211 5249 38
91 5249 5227 -22
92 5208 5301 93
93 5282 5183 -99
94 5229 5247 18
95 5142 5315 173
96 5253 5207 -46
98 5140 5349 209
99 5226 5212 -14
