0 10000 0 -10000
1 9941 66 -9875
2 9967 38 -9929
3 9968 36 -9932
4 9997 4 -9993
5 9991 9 -9982
6 9997 5 -9992
7 9989 12 -9977
8 9545 506 -9039
9 9508 533 -8975
10 9219 853 -8366
11 8620 1518 -7102
12 8688 1450 -7238
13 8794 1318 -7476
14 8617 1525 -7092
15 8671 1460 -7211
16 7963 2244 -5719
17 7899 2290 -5609
18 6814 3458 -3356
19 5973 4396 -1577
20 5945 4429 -1516
21 5921 4419 -1502
22 5994 4365 -1629
23 5639 4675 -964
24 5561 4734 -827
25 5428 4969 -459
26 5611 4731 -880
27 5670 4658 -1012
28 5266 5108 -158
29 5560 4740 -820
30 5311 5019 -292
31 5254 5086 -168
32 5417 4908 -509
33 5333 4989 -344
34 5233 5099 -134
35 5406 4918 -488
36 5345 4947 -398
37 5316 5041 -275
38 5387 4943 -444
39 5403 4907 -496
40 5348 4960 -388
41 5292 5042 -250
42 5385 4945 -440
43 5384 4933 -451
44 5384 4946 -438
45 5298 5029 -269
46 5331 5018 -313
47 5296 5026 -270
48 5230 5087 -143
49 5376 4940 -436
50 5274 5051 -223
51 5317 5018 -299
52 4714 5627 913
53 4657 5653 996
54 4734 5587 853
55 4550 5747 1197
56 4235 6061 1826
57 4316 6000 1684
58 4467 5864 1397
59 4444 5866 1422
60 4525 5765 1240
61 4376 5977 1601
62 4461 5838 1377
63 4491 5808 1317
64 4374 5926 1552
65 4393 5924 1531
66 4235 6082 1847
67 4424 5920 1496
68 4280 6041 1761
69 4309 6000 1691
70 4301 5965 1664
71 4313 6008 1695
72 4240 6059 1819
73 4326 5998 1672
74 4263 6019 1756
75 4342 5992 1650
76 4281 6015 1734
77 4268 6059 1791
78 4312 5967 1655
79 4299 6005 1706
80 4363 5979 1616
81 4347 5964 1617
82 4393 5934 1541
83 4390 5948 1558
84 4446 5833 1387
85 4420 5906 1486
86 4395 5908 1513
87 4395 5919 1524
88 4383 5923 1540
89 4397 5894 1497
90 4422 5873 1451
91 4435 5879 1444
92 4293 6022 1729
93 4286 6024 1738
94 4412 5899 1487
95 4275 6026 1751
96 4310 6026 1716
97 4470 5828 1358
98 4319 6017 1698
99 4293 6043 1750
