8 28 30
8 9 29
8 9 20
8 13 14
8 14 15
8 16 28
8 18 28
8 19 28
8 19 30
9 23 30
9 14 31
9 14 30
9 14 23
9 14 22
9 14 27
9 16 27
9 18 28
10 14 15
10 14 26
10 14 32
10 14 23
10 14 18
10 21 32
10 13 21
10 14 19
10 14 30
10 17 30
10 14 22
10 12 27
10 14 27
10 17 24
10 18 28
11 14 17
11 12 24
11 14 30
11 17 30
11 14 22
11 19 30
12 18 24
12 30 32
12 13 16
12 14 16
12 16 20
12 21 26
12 14 31
12 14 28
13 14 32
13 15 21
13 19 25
13 14 28
13 14 27
13 15 27
14 19 30
14 20 29
14 30 31
14 28 32
14 20 30
14 22 29
14 19 31
14 20 24
14 22 30
14 22 28
14 20 31
14 23 28
14 22 24
14 24 30
14 24 28
14 21 27
14 18 26
14 25 30
14 25 28
14 19 26
14 20 32
14 26 29
14 26 28
14 26 30
14 21 32
14 27 29
14 21 26
14 23 32
14 28 29
14 15 19
14 29 30
14 15 22
14 15 27
15 29 30
16 17 22
16 30 31
17 19 23
17 21 26
18 27 30
23 24 25
23 24 29
29 31 32