8 9 10
8 9 11
8 10 11
9 10 11
8 9 12
8 10 12
9 10 12
8 11 12
9 11 12
10 11 12
8 9 13
8 10 13
9 10 13
8 11 13
9 11 13
10 11 13
8 12 13
9 12 13
10 12 13
11 12 13
8 9 14
8 10 14
9 10 14
8 11 14
9 11 14
10 11 14
8 12 14
9 12 14
10 12 14
11 12 14
8 13 14
9 13 14
10 13 14
11 13 14
12 13 14
8 9 15
8 10 15
9 10 15
8 11 15
9 11 15
10 11 15
8 12 15
9 12 15
10 12 15
11 12 15
8 13 15
9 13 15
10 13 15
11 13 15
12 13 15
8 14 15
9 14 15
10 14 15
11 14 15
12 14 15
13 14 15
8 9 16
8 10 16
9 10 16
8 11 16
9 11 16
10 11 16
8 12 16
9 12 16
10 12 16
11 12 16
8 13 16
9 13 16
10 13 16
11 13 16
12 13 16
8 14 16
9 14 16
10 14 16
11 14 16
12 14 16
13 14 16
8 15 16
9 15 16
10 15 16
11 15 16
12 15 16
13 15 16
14 15 16
8 9 17
8 10 17
9 10 17
8 11 17
9 11 17
10 11 17
8 12 17
9 12 17
10 12 17
11 12 17
8 13 17
9 13 17
10 13 17
11 13 17
12 13 17
8 14 17
9 14 17
10 14 17
11 14 17
12 14 17
13 14 17
8 15 17
9 15 17
10 15 17
11 15 17
12 15 17
13 15 17
14 15 17
8 16 17
9 16 17
10 16 17
11 16 17
12 16 17
13 16 17
14 16 17
15 16 17
8 9 18
8 10 18
9 10 18
8 11 18
9 11 18
10 11 18
8 12 18
9 12 18
10 12 18
11 12 18
8 13 18
9 13 18
10 13 18
11 13 18
12 13 18
8 14 18
9 14 18
10 14 18
11 14 18
12 14 18
13 14 18
8 15 18
9 15 18
10 15 18
11 15 18
12 15 18
13 15 18
14 15 18
8 16 18
9 16 18
10 16 18
11 16 18
12 16 18
13 16 18
14 16 18
15 16 18
8 17 18
9 17 18
10 17 18
11 17 18
12 17 18
13 17 18
14 17 18
15 17 18
16 17 18
8 9 19
8 10 19
9 10 19
8 11 19
9 11 19
10 11 19
8 12 19
9 12 19
10 12 19
11 12 19
8 13 19
9 13 19
10 13 19
11 13 19
12 13 19
8 14 19
9 14 19
10 14 19
11 14 19
12 14 19
13 14 19
8 15 19
9 15 19
10 15 19
11 15 19
12 15 19
13 15 19
14 15 19
8 16 19
9 16 19
10 16 19
11 16 19
12 16 19
13 16 19
14 16 19
15 16 19
8 17 19
9 17 19
10 17 19
11 17 19
12 17 19
13 17 19
14 17 19
15 17 19
16 17 19
8 18 19
9 18 19
10 18 19
11 18 19
12 18 19
13 18 19
14 18 19
15 18 19
16 18 19
17 18 19
8 9 20
8 10 20
9 10 20
8 11 20
9 11 20
10 11 20
8 12 20
9 12 20
10 12 20
11 12 20
8 13 20
9 13 20
10 13 20
11 13 20
12 13 20
8 14 20
9 14 20
10 14 20
11 14 20
12 14 20
13 14 20
8 15 20
9 15 20
10 15 20
11 15 20
12 15 20
13 15 20
14 15 20
8 16 20
9 16 20
10 16 20
11 16 20
12 16 20
13 16 20
14 16 20
15 16 20
8 17 20
9 17 20
10 17 20
11 17 20
12 17 20
13 17 20
14 17 20
15 17 20
16 17 20
8 18 20
9 18 20
10 18 20
11 18 20
12 18 20
13 18 20
14 18 20
15 18 20
16 18 20
17 18 20
8 19 20
9 19 20
10 19 20
11 19 20
12 19 20
13 19 20
14 19 20
15 19 20
16 19 20
17 19 20
18 19 20
8 9 21
8 10 21
9 10 21
8 11 21
9 11 21
10 11 21
8 12 21
9 12 21
10 12 21
11 12 21
8 13 21
9 13 21
10 13 21
11 13 21
12 13 21
8 14 21
9 14 21
10 14 21
11 14 21
12 14 21
13 14 21
8 15 21
9 15 21
10 15 21
11 15 21
12 15 21
13 15 21
14 15 21
8 16 21
9 16 21
10 16 21
11 16 21
12 16 21
13 16 21
14 16 21
15 16 21
8 17 21
9 17 21
10 17 21
11 17 21
12 17 21
13 17 21
14 17 21
15 17 21
16 17 21
8 18 21
9 18 21
10 18 21
11 18 21
12 18 21
13 18 21
14 18 21
15 18 21
16 18 21
17 18 21
8 19 21
9 19 21
10 19 21
11 19 21
12 19 21
13 19 21
14 19 21
15 19 21
16 19 21
17 19 21
18 19 21
8 20 21
9 20 21
10 20 21
11 20 21
12 20 21
13 20 21
14 20 21
15 20 21
16 20 21
17 20 21
18 20 21
19 20 21
8 9 22
8 10 22
9 10 22
8 11 22
9 11 22
10 11 22
8 12 22
9 12 22
10 12 22
11 12 22
8 13 22
9 13 22
10 13 22
11 13 22
12 13 22
8 14 22
9 14 22
10 14 22
11 14 22
12 14 22
13 14 22
8 15 22
9 15 22
10 15 22
11 15 22
12 15 22
13 15 22
14 15 22
8 16 22
9 16 22
10 16 22
11 16 22
12 16 22
13 16 22
14 16 22
15 16 22
8 17 22
9 17 22
10 17 22
11 17 22
12 17 22
13 17 22
14 17 22
15 17 22
16 17 22
8 18 22
9 18 22
10 18 22
11 18 22
12 18 22
13 18 22
14 18 22
15 18 22
16 18 22
17 18 22
8 19 22
9 19 22
10 19 22
11 19 22
12 19 22
13 19 22
14 19 22
15 19 22
16 19 22
17 19 22
18 19 22
8 20 22
9 20 22
10 20 22
11 20 22
12 20 22
13 20 22
14 20 22
15 20 22
16 20 22
17 20 22
18 20 22
19 20 22
8 21 22
9 21 22
10 21 22
11 21 22
12 21 22
13 21 22
14 21 22
15 21 22
16 21 22
17 21 22
18 21 22
19 21 22
20 21 22
8 9 23
8 10 23
9 10 23
8 11 23
9 11 23
10 11 23
8 12 23
9 12 23
10 12 23
11 12 23
8 13 23
9 13 23
10 13 23
11 13 23
12 13 23
8 14 23
9 14 23
10 14 23
11 14 23
12 14 23
13 14 23
8 15 23
9 15 23
10 15 23
11 15 23
12 15 23
13 15 23
14 15 23
8 16 23
9 16 23
10 16 23
11 16 23
12 16 23
13 16 23
14 16 23
15 16 23
8 17 23
9 17 23
10 17 23
11 17 23
12 17 23
13 17 23
14 17 23
15 17 23
16 17 23
8 18 23
9 18 23
10 18 23
11 18 23
12 18 23
13 18 23
14 18 23
15 18 23
16 18 23
17 18 23
8 19 23
9 19 23
10 19 23
11 19 23
12 19 23
13 19 23
14 19 23
15 19 23
16 19 23
17 19 23
18 19 23
8 20 23
9 20 23
10 20 23
11 20 23
12 20 23
13 20 23
14 20 23
15 20 23
16 20 23
17 20 23
18 20 23
19 20 23
8 21 23
9 21 23
10 21 23
11 21 23
12 21 23
13 21 23
14 21 23
15 21 23
16 21 23
17 21 23
18 21 23
19 21 23
20 21 23
8 22 23
9 22 23
10 22 23
11 22 23
12 22 23
13 22 23
14 22 23
15 22 23
16 22 23
17 22 23
18 22 23
19 22 23
20 22 23
21 22 23
8 9 24
8 10 24
9 10 24
8 11 24
9 11 24
10 11 24
8 12 24
9 12 24
10 12 24
11 12 24
8 13 24
9 13 24
10 13 24
11 13 24
12 13 24
8 14 24
9 14 24
10 14 24
11 14 24
12 14 24
13 14 24
8 15 24
9 15 24
10 15 24
11 15 24
12 15 24
13 15 24
14 15 24
8 16 24
9 16 24
10 16 24
11 16 24
12 16 24
13 16 24
14 16 24
15 16 24
8 17 24
9 17 24
10 17 24
11 17 24
12 17 24
13 17 24
14 17 24
15 17 24
16 17 24
8 18 24
9 18 24
10 18 24
11 18 24
12 18 24
13 18 24
14 18 24
15 18 24
16 18 24
17 18 24
8 19 24
9 19 24
10 19 24
11 19 24
12 19 24
13 19 24
14 19 24
15 19 24
16 19 24
17 19 24
18 19 24
8 20 24
9 20 24
10 20 24
11 20 24
12 20 24
13 20 24
14 20 24
15 20 24
16 20 24
17 20 24
18 20 24
19 20 24
8 21 24
9 21 24
10 21 24
11 21 24
12 21 24
13 21 24
14 21 24
15 21 24
16 21 24
17 21 24
18 21 24
19 21 24
20 21 24
8 22 24
9 22 24
10 22 24
11 22 24
12 22 24
13 22 24
14 22 24
15 22 24
16 22 24
17 22 24
18 22 24
19 22 24
20 22 24
21 22 24
8 23 24
9 23 24
10 23 24
11 23 24
12 23 24
13 23 24
14 23 24
15 23 24
16 23 24
17 23 24
18 23 24
19 23 24
20 23 24
21 23 24
22 23 24
8 9 25
8 10 25
9 10 25
8 11 25
9 11 25
10 11 25
8 12 25
9 12 25
10 12 25
11 12 25
8 13 25
9 13 25
10 13 25
11 13 25
12 13 25
8 14 25
9 14 25
10 14 25
11 14 25
12 14 25
13 14 25
8 15 25
9 15 25
10 15 25
11 15 25
12 15 25
13 15 25
14 15 25
8 16 25
9 16 25
10 16 25
11 16 25
12 16 25
13 16 25
14 16 25
15 16 25
8 17 25
9 17 25
10 17 25
11 17 25
12 17 25
13 17 25
14 17 25
15 17 25
16 17 25
8 18 25
9 18 25
10 18 25
11 18 25
12 18 25
13 18 25
14 18 25
15 18 25
16 18 25
17 18 25
8 19 25
9 19 25
10 19 25
11 19 25
12 19 25
13 19 25
14 19 25
15 19 25
16 19 25
17 19 25
18 19 25
8 20 25
9 20 25
10 20 25
11 20 25
12 20 25
13 20 25
14 20 25
15 20 25
16 20 25
17 20 25
18 20 25
19 20 25
8 21 25
9 21 25
10 21 25
11 21 25
12 21 25
13 21 25
14 21 25
15 21 25
16 21 25
17 21 25
18 21 25
19 21 25
20 21 25
8 22 25
9 22 25
10 22 25
11 22 25
12 22 25
13 22 25
14 22 25
15 22 25
16 22 25
17 22 25
18 22 25
19 22 25
20 22 25
21 22 25
8 23 25
9 23 25
10 23 25
11 23 25
12 23 25
13 23 25
14 23 25
15 23 25
16 23 25
17 23 25
18 23 25
19 23 25
20 23 25
21 23 25
22 23 25
8 24 25
9 24 25
10 24 25
11 24 25
12 24 25
13 24 25
14 24 25
15 24 25
16 24 25
17 24 25
18 24 25
19 24 25
20 24 25
21 24 25
22 24 25
23 24 25
8 9 26
8 10 26
9 10 26
8 11 26
9 11 26
10 11 26
8 12 26
9 12 26
10 12 26
11 12 26
8 13 26
9 13 26
10 13 26
11 13 26
12 13 26
8 14 26
9 14 26
10 14 26
11 14 26
12 14 26
13 14 26
8 15 26
9 15 26
10 15 26
11 15 26
12 15 26
13 15 26
14 15 26
8 16 26
9 16 26
10 16 26
11 16 26
12 16 26
13 16 26
14 16 26
15 16 26
8 17 26
9 17 26
10 17 26
11 17 26
12 17 26
13 17 26
14 17 26
15 17 26
16 17 26
8 18 26
9 18 26
10 18 26
11 18 26
12 18 26
13 18 26
14 18 26
15 18 26
16 18 26
17 18 26
8 19 26
9 19 26
10 19 26
11 19 26
12 19 26
13 19 26
14 19 26
15 19 26
16 19 26
17 19 26
18 19 26
8 20 26
9 20 26
10 20 26
11 20 26
12 20 26
13 20 26
14 20 26
15 20 26
16 20 26
17 20 26
18 20 26
19 20 26
8 21 26
9 21 26
10 21 26
11 21 26
12 21 26
13 21 26
14 21 26
15 21 26
16 21 26
17 21 26
18 21 26
19 21 26
20 21 26
8 22 26
9 22 26
10 22 26
11 22 26
12 22 26
13 22 26
14 22 26
15 22 26
16 22 26
17 22 26
18 22 26
19 22 26
20 22 26
21 22 26
8 23 26
9 23 26
10 23 26
11 23 26
12 23 26
13 23 26
14 23 26
15 23 26
16 23 26
17 23 26
18 23 26
19 23 26
20 23 26
21 23 26
22 23 26
8 24 26
9 24 26
10 24 26
11 24 26
12 24 26
13 24 26
14 24 26
15 24 26
16 24 26
17 24 26
18 24 26
19 24 26
20 24 26
21 24 26
22 24 26
23 24 26
8 25 26
9 25 26
10 25 26
11 25 26
12 25 26
13 25 26
14 25 26
15 25 26
16 25 26
17 25 26
18 25 26
19 25 26
20 25 26
21 25 26
22 25 26
23 25 26
24 25 26
8 9 27
8 10 27
9 10 27
8 11 27
9 11 27
10 11 27
8 12 27
9 12 27
10 12 27
11 12 27
8 13 27
9 13 27
10 13 27
11 13 27
12 13 27
8 14 27
9 14 27
10 14 27
11 14 27
12 14 27
13 14 27
8 15 27
9 15 27
10 15 27
11 15 27
12 15 27
13 15 27
14 15 27
8 16 27
9 16 27
10 16 27
11 16 27
12 16 27
13 16 27
14 16 27
15 16 27
8 17 27
9 17 27
10 17 27
11 17 27
12 17 27
13 17 27
14 17 27
15 17 27
16 17 27
8 18 27
9 18 27
10 18 27
11 18 27
12 18 27
13 18 27
14 18 27
15 18 27
16 18 27
17 18 27
8 19 27
9 19 27
10 19 27
11 19 27
12 19 27
13 19 27
14 19 27
15 19 27
16 19 27
17 19 27
18 19 27
8 20 27
9 20 27
10 20 27
11 20 27
12 20 27
13 20 27
14 20 27
15 20 27
16 20 27
17 20 27
18 20 27
19 20 27
8 21 27
9 21 27
10 21 27
11 21 27
12 21 27
13 21 27
14 21 27
15 21 27
16 21 27
17 21 27
18 21 27
19 21 27
20 21 27
8 22 27
9 22 27
10 22 27
11 22 27
12 22 27
13 22 27
14 22 27
15 22 27
16 22 27
17 22 27
18 22 27
19 22 27
20 22 27
21 22 27
8 23 27
9 23 27
10 23 27
11 23 27
12 23 27
13 23 27
14 23 27
15 23 27
16 23 27
17 23 27
18 23 27
19 23 27
20 23 27
21 23 27
22 23 27
8 24 27
9 24 27
10 24 27
11 24 27
12 24 27
13 24 27
14 24 27
15 24 27
16 24 27
17 24 27
18 24 27
19 24 27
20 24 27
21 24 27
22 24 27
23 24 27
8 25 27
9 25 27
10 25 27
11 25 27
12 25 27
13 25 27
14 25 27
15 25 27
16 25 27
17 25 27
18 25 27
19 25 27
20 25 27
21 25 27
22 25 27
23 25 27
24 25 27
8 26 27
9 26 27
10 26 27
11 26 27
12 26 27
13 26 27
14 26 27
15 26 27
16 26 27
17 26 27
18 26 27
19 26 27
20 26 27
21 26 27
22 26 27
23 26 27
24 26 27
25 26 27
8 9 28
8 10 28
9 10 28
8 11 28
9 11 28
10 11 28
8 12 28
9 12 28
10 12 28
11 12 28
8 13 28
9 13 28
10 13 28
11 13 28
12 13 28
8 14 28
9 14 28
10 14 28
11 14 28
12 14 28
13 14 28
8 15 28
9 15 28
10 15 28
11 15 28
12 15 28
13 15 28
14 15 28
8 16 28
9 16 28
10 16 28
11 16 28
12 16 28
13 16 28
14 16 28
15 16 28
8 17 28
9 17 28
10 17 28
11 17 28
12 17 28
13 17 28
14 17 28
15 17 28
16 17 28
8 18 28
9 18 28
10 18 28
11 18 28
12 18 28
13 18 28
14 18 28
15 18 28
16 18 28
17 18 28
8 19 28
9 19 28
10 19 28
11 19 28
12 19 28
13 19 28
14 19 28
15 19 28
16 19 28
17 19 28
18 19 28
8 20 28
9 20 28
10 20 28
11 20 28
12 20 28
13 20 28
14 20 28
15 20 28
16 20 28
17 20 28
18 20 28
19 20 28
8 21 28
9 21 28
10 21 28
11 21 28
12 21 28
13 21 28
14 21 28
15 21 28
16 21 28
17 21 28
18 21 28
19 21 28
20 21 28
8 22 28
9 22 28
10 22 28
11 22 28
12 22 28
13 22 28
14 22 28
15 22 28
16 22 28
17 22 28
18 22 28
19 22 28
20 22 28
21 22 28
8 23 28
9 23 28
10 23 28
11 23 28
12 23 28
13 23 28
14 23 28
15 23 28
16 23 28
17 23 28
18 23 28
19 23 28
20 23 28
21 23 28
22 23 28
8 24 28
9 24 28
10 24 28
11 24 28
12 24 28
13 24 28
14 24 28
15 24 28
16 24 28
17 24 28
18 24 28
19 24 28
20 24 28
21 24 28
22 24 28
23 24 28
8 25 28
9 25 28
10 25 28
11 25 28
12 25 28
13 25 28
14 25 28
15 25 28
16 25 28
17 25 28
18 25 28
19 25 28
20 25 28
21 25 28
22 25 28
23 25 28
24 25 28
8 26 28
9 26 28
10 26 28
11 26 28
12 26 28
13 26 28
14 26 28
15 26 28
16 26 28
17 26 28
18 26 28
19 26 28
20 26 28
21 26 28
22 26 28
23 26 28
24 26 28
25 26 28
8 27 28
9 27 28
10 27 28
11 27 28
12 27 28
13 27 28
14 27 28
15 27 28
16 27 28
17 27 28
18 27 28
19 27 28
20 27 28
21 27 28
22 27 28
23 27 28
24 27 28
25 27 28
26 27 28
8 9 29
8 10 29
9 10 29
8 11 29
9 11 29
10 11 29
8 12 29
9 12 29
10 12 29
11 12 29
8 13 29
9 13 29
10 13 29
11 13 29
12 13 29
8 14 29
9 14 29
10 14 29
11 14 29
12 14 29
13 14 29
8 15 29
9 15 29
10 15 29
11 15 29
12 15 29
13 15 29
14 15 29
8 16 29
9 16 29
10 16 29
11 16 29
12 16 29
13 16 29
14 16 29
15 16 29
8 17 29
9 17 29
10 17 29
11 17 29
12 17 29
13 17 29
14 17 29
15 17 29
16 17 29
8 18 29
9 18 29
10 18 29
11 18 29
12 18 29
13 18 29
14 18 29
15 18 29
16 18 29
17 18 29
8 19 29
9 19 29
10 19 29
11 19 29
12 19 29
13 19 29
14 19 29
15 19 29
16 19 29
17 19 29
18 19 29
8 20 29
9 20 29
10 20 29
11 20 29
12 20 29
13 20 29
14 20 29
15 20 29
16 20 29
17 20 29
18 20 29
19 20 29
8 21 29
9 21 29
10 21 29
11 21 29
12 21 29
13 21 29
14 21 29
15 21 29
16 21 29
17 21 29
18 21 29
19 21 29
20 21 29
8 22 29
9 22 29
10 22 29
11 22 29
12 22 29
13 22 29
14 22 29
15 22 29
16 22 29
17 22 29
18 22 29
19 22 29
20 22 29
21 22 29
8 23 29
9 23 29
10 23 29
11 23 29
12 23 29
13 23 29
14 23 29
15 23 29
16 23 29
17 23 29
18 23 29
19 23 29
20 23 29
21 23 29
22 23 29
8 24 29
9 24 29
10 24 29
11 24 29
12 24 29
13 24 29
14 24 29
15 24 29
16 24 29
17 24 29
18 24 29
19 24 29
20 24 29
21 24 29
22 24 29
23 24 29
8 25 29
9 25 29
10 25 29
11 25 29
12 25 29
13 25 29
14 25 29
15 25 29
16 25 29
17 25 29
18 25 29
19 25 29
20 25 29
21 25 29
22 25 29
23 25 29
24 25 29
8 26 29
9 26 29
10 26 29
11 26 29
12 26 29
13 26 29
14 26 29
15 26 29
16 26 29
17 26 29
18 26 29
19 26 29
20 26 29
21 26 29
22 26 29
23 26 29
24 26 29
25 26 29
8 27 29
9 27 29
10 27 29
11 27 29
12 27 29
13 27 29
14 27 29
15 27 29
16 27 29
17 27 29
18 27 29
19 27 29
20 27 29
21 27 29
22 27 29
23 27 29
24 27 29
25 27 29
26 27 29
8 28 29
9 28 29
10 28 29
11 28 29
12 28 29
13 28 29
14 28 29
15 28 29
16 28 29
17 28 29
18 28 29
19 28 29
20 28 29
21 28 29
22 28 29
23 28 29
24 28 29
25 28 29
26 28 29
27 28 29
8 9 30
8 10 30
9 10 30
8 11 30
9 11 30
10 11 30
8 12 30
9 12 30
10 12 30
11 12 30
8 13 30
9 13 30
10 13 30
11 13 30
12 13 30
8 14 30
9 14 30
10 14 30
11 14 30
12 14 30
13 14 30
8 15 30
9 15 30
10 15 30
11 15 30
12 15 30
13 15 30
14 15 30
8 16 30
9 16 30
10 16 30
11 16 30
12 16 30
13 16 30
14 16 30
15 16 30
8 17 30
9 17 30
10 17 30
11 17 30
12 17 30
13 17 30
14 17 30
15 17 30
16 17 30
8 18 30
9 18 30
10 18 30
11 18 30
12 18 30
13 18 30
14 18 30
15 18 30
16 18 30
17 18 30
8 19 30
9 19 30
10 19 30
11 19 30
12 19 30
13 19 30
14 19 30
15 19 30
16 19 30
17 19 30
18 19 30
8 20 30
9 20 30
10 20 30
11 20 30
12 20 30
13 20 30
14 20 30
15 20 30
16 20 30
17 20 30
18 20 30
19 20 30
8 21 30
9 21 30
10 21 30
11 21 30
12 21 30
13 21 30
14 21 30
15 21 30
16 21 30
17 21 30
18 21 30
19 21 30
20 21 30
8 22 30
9 22 30
10 22 30
11 22 30
12 22 30
13 22 30
14 22 30
15 22 30
16 22 30
17 22 30
18 22 30
19 22 30
20 22 30
21 22 30
8 23 30
9 23 30
10 23 30
11 23 30
12 23 30
13 23 30
14 23 30
15 23 30
16 23 30
17 23 30
18 23 30
19 23 30
20 23 30
21 23 30
22 23 30
8 24 30
9 24 30
10 24 30
11 24 30
12 24 30
13 24 30
14 24 30
15 24 30
16 24 30
17 24 30
18 24 30
19 24 30
20 24 30
21 24 30
22 24 30
23 24 30
8 25 30
9 25 30
10 25 30
11 25 30
12 25 30
13 25 30
14 25 30
15 25 30
16 25 30
17 25 30
18 25 30
19 25 30
20 25 30
21 25 30
22 25 30
23 25 30
24 25 30
8 26 30
9 26 30
10 26 30
11 26 30
12 26 30
13 26 30
14 26 30
15 26 30
16 26 30
17 26 30
18 26 30
19 26 30
20 26 30
21 26 30
22 26 30
23 26 30
24 26 30
25 26 30
8 27 30
9 27 30
10 27 30
11 27 30
12 27 30
13 27 30
14 27 30
15 27 30
16 27 30
17 27 30
18 27 30
19 27 30
20 27 30
21 27 30
22 27 30
23 27 30
24 27 30
25 27 30
26 27 30
8 28 30
9 28 30
10 28 30
11 28 30
12 28 30
13 28 30
14 28 30
15 28 30
16 28 30
17 28 30
18 28 30
19 28 30
20 28 30
21 28 30
22 28 30
23 28 30
24 28 30
25 28 30
26 28 30
27 28 30
8 29 30
9 29 30
10 29 30
11 29 30
12 29 30
13 29 30
14 29 30
15 29 30
16 29 30
17 29 30
18 29 30
19 29 30
20 29 30
21 29 30
22 29 30
23 29 30
24 29 30
25 29 30
26 29 30
27 29 30
28 29 30
8 9 31
8 10 31
9 10 31
8 11 31
9 11 31
10 11 31
8 12 31
9 12 31
10 12 31
11 12 31
8 13 31
9 13 31
10 13 31
11 13 31
12 13 31
8 14 31
9 14 31
10 14 31
11 14 31
12 14 31
13 14 31
8 15 31
9 15 31
10 15 31
11 15 31
12 15 31
13 15 31
14 15 31
8 16 31
9 16 31
10 16 31
11 16 31
12 16 31
13 16 31
14 16 31
15 16 31
8 17 31
9 17 31
10 17 31
11 17 31
12 17 31
13 17 31
14 17 31
15 17 31
16 17 31
8 18 31
9 18 31
10 18 31
11 18 31
12 18 31
13 18 31
14 18 31
15 18 31
16 18 31
17 18 31
8 19 31
9 19 31
10 19 31
11 19 31
12 19 31
13 19 31
14 19 31
15 19 31
16 19 31
17 19 31
18 19 31
8 20 31
9 20 31
10 20 31
11 20 31
12 20 31
13 20 31
14 20 31
15 20 31
16 20 31
17 20 31
18 20 31
19 20 31
8 21 31
9 21 31
10 21 31
11 21 31
12 21 31
13 21 31
14 21 31
15 21 31
16 21 31
17 21 31
18 21 31
19 21 31
20 21 31
8 22 31
9 22 31
10 22 31
11 22 31
12 22 31
13 22 31
14 22 31
15 22 31
16 22 31
17 22 31
18 22 31
19 22 31
20 22 31
21 22 31
8 23 31
9 23 31
10 23 31
11 23 31
12 23 31
13 23 31
14 23 31
15 23 31
16 23 31
17 23 31
18 23 31
19 23 31
20 23 31
21 23 31
22 23 31
8 24 31
9 24 31
10 24 31
11 24 31
12 24 31
13 24 31
14 24 31
15 24 31
16 24 31
17 24 31
18 24 31
19 24 31
20 24 31
21 24 31
22 24 31
23 24 31
8 25 31
9 25 31
10 25 31
11 25 31
12 25 31
13 25 31
14 25 31
15 25 31
16 25 31
17 25 31
18 25 31
19 25 31
20 25 31
21 25 31
22 25 31
23 25 31
24 25 31
8 26 31
9 26 31
10 26 31
11 26 31
12 26 31
13 26 31
14 26 31
15 26 31
16 26 31
17 26 31
18 26 31
19 26 31
20 26 31
21 26 31
22 26 31
23 26 31
24 26 31
25 26 31
8 27 31
9 27 31
10 27 31
11 27 31
12 27 31
13 27 31
14 27 31
15 27 31
16 27 31
17 27 31
18 27 31
19 27 31
20 27 31
21 27 31
22 27 31
23 27 31
24 27 31
25 27 31
26 27 31
8 28 31
9 28 31
10 28 31
11 28 31
12 28 31
13 28 31
14 28 31
15 28 31
16 28 31
17 28 31
18 28 31
19 28 31
20 28 31
21 28 31
22 28 31
23 28 31
24 28 31
25 28 31
26 28 31
27 28 31
8 29 31
9 29 31
10 29 31
11 29 31
12 29 31
13 29 31
14 29 31
15 29 31
16 29 31
17 29 31
18 29 31
19 29 31
20 29 31
21 29 31
22 29 31
23 29 31
24 29 31
25 29 31
26 29 31
27 29 31
28 29 31
8 30 31
9 30 31
10 30 31
11 30 31
12 30 31
13 30 31
14 30 31
15 30 31
16 30 31
17 30 31
18 30 31
19 30 31
20 30 31
21 30 31
22 30 31
23 30 31
24 30 31
25 30 31
26 30 31
27 30 31
28 30 31
29 30 31
8 9 32
8 10 32
9 10 32
8 11 32
9 11 32
10 11 32
8 12 32
9 12 32
10 12 32
11 12 32
8 13 32
9 13 32
10 13 32
11 13 32
12 13 32
8 14 32
9 14 32
10 14 32
11 14 32
12 14 32
13 14 32
8 15 32
9 15 32
10 15 32
11 15 32
12 15 32
13 15 32
14 15 32
8 16 32
9 16 32
10 16 32
11 16 32
12 16 32
13 16 32
14 16 32
15 16 32
8 17 32
9 17 32
10 17 32
11 17 32
12 17 32
13 17 32
14 17 32
15 17 32
16 17 32
8 18 32
9 18 32
10 18 32
11 18 32
12 18 32
13 18 32
14 18 32
15 18 32
16 18 32
17 18 32
8 19 32
9 19 32
10 19 32
11 19 32
12 19 32
13 19 32
14 19 32
15 19 32
16 19 32
17 19 32
18 19 32
8 20 32
9 20 32
10 20 32
11 20 32
12 20 32
13 20 32
14 20 32
15 20 32
16 20 32
17 20 32
18 20 32
19 20 32
8 21 32
9 21 32
10 21 32
11 21 32
12 21 32
13 21 32
14 21 32
15 21 32
16 21 32
17 21 32
18 21 32
19 21 32
20 21 32
8 22 32
9 22 32
10 22 32
11 22 32
12 22 32
13 22 32
14 22 32
15 22 32
16 22 32
17 22 32
18 22 32
19 22 32
20 22 32
21 22 32
8 23 32
9 23 32
10 23 32
11 23 32
12 23 32
13 23 32
14 23 32
15 23 32
16 23 32
17 23 32
18 23 32
19 23 32
20 23 32
21 23 32
22 23 32
8 24 32
9 24 32
10 24 32
11 24 32
12 24 32
13 24 32
14 24 32
15 24 32
16 24 32
17 24 32
18 24 32
19 24 32
20 24 32
21 24 32
22 24 32
23 24 32
8 25 32
9 25 32
10 25 32
11 25 32
12 25 32
13 25 32
14 25 32
15 25 32
16 25 32
17 25 32
18 25 32
19 25 32
20 25 32
21 25 32
22 25 32
23 25 32
24 25 32
8 26 32
9 26 32
10 26 32
11 26 32
12 26 32
13 26 32
14 26 32
15 26 32
16 26 32
17 26 32
18 26 32
19 26 32
20 26 32
21 26 32
22 26 32
23 26 32
24 26 32
25 26 32
8 27 32
9 27 32
10 27 32
11 27 32
12 27 32
13 27 32
14 27 32
15 27 32
16 27 32
17 27 32
18 27 32
19 27 32
20 27 32
21 27 32
22 27 32
23 27 32
24 27 32
25 27 32
26 27 32
8 28 32
9 28 32
10 28 32
11 28 32
12 28 32
13 28 32
14 28 32
15 28 32
16 28 32
17 28 32
18 28 32
19 28 32
20 28 32
21 28 32
22 28 32
23 28 32
24 28 32
25 28 32
26 28 32
27 28 32
8 29 32
9 29 32
10 29 32
11 29 32
12 29 32
13 29 32
14 29 32
15 29 32
16 29 32
17 29 32
18 29 32
19 29 32
20 29 32
21 29 32
22 29 32
23 29 32
24 29 32
25 29 32
26 29 32
27 29 32
28 29 32
8 30 32
9 30 32
10 30 32
11 30 32
12 30 32
13 30 32
14 30 32
15 30 32
16 30 32
17 30 32
18 30 32
19 30 32
20 30 32
21 30 32
22 30 32
23 30 32
24 30 32
25 30 32
26 30 32
27 30 32
28 30 32
29 30 32
8 31 32
9 31 32
10 31 32
11 31 32
12 31 32
13 31 32
14 31 32
15 31 32
16 31 32
17 31 32
18 31 32
19 31 32
20 31 32
21 31 32
22 31 32
23 31 32
24 31 32
25 31 32
26 31 32
27 31 32
28 31 32
29 31 32
30 31 32
